:5132

quadratunl 107 7.

quadringentis 212 12.

(1111165101- 274 1. quaestorem 293
quam 58 3. 66 18. 85 6. 86 12. 115
«4. 155 2, 196 13 2. 209 9.
279 9. 294 6.
qumlssum 80 9. 121 16, 17. quanto
83 12.

quapropter 110 10.

quatre 234 15.

(111111111ΐο 93 24.

quartum 184 5. quarto 165 1.
quamsi 73 11. 178 10.

quaterna 181 2. 62 7.

quatuor 78 1. 283 11. 290 7.

quo -19 10. 60 13. 76 19. 77 2 (013),
43 9. 79 15. 8:23 1. 84 1. 85 9. 89
8; 17. 93 211. 91 11). 99 133 14.
104 4. 106 6. 10717. 108 7. 113 2.
114 5. 127 2. 131 53 6. 132 13 10.
173 16, 17. 178 12. 179 4. 181 5;
6. 184 2. 188 2“»3. 196 2. 206 8.
1311314311) 7; S. 2118, 103 12313.
212133311. 217 5. 274 7. 280 2,

233 13.

7, 13. 281 15. 286 10. 289 22. 290
4. 291 53 12, 17. 293 2; 6. 294 4.
(quest) quiuerunb 233 16.

quercla« prou[neemiam apud
quaestores (ont lassatos depositae
317 9.

qui 63 ξ. 720 1¹2³.t 771112. 177 1112 821
4· 5. 9 ” ) 05 ⁶ ⁹·

2. 208 5. 213 14. 220 16. 224
7. 225 5. 274 1.(111116 81¹..) 93
15. 179 5 279 4, 7. 286 2.(111011
7¹57. 7715. 8211. 8 213. 949.
115 9. 169 7. 178 93 11. 221 3.
22218. ’225 7. 2351. 280 8. 285 11.
cuius 92 7. 99 3. 126 ἔ». 2015 s,
vui 195 ι’», ’285 7. quom 53 9 72 3.
⁸55 8. 181 5. 206 7. 220 15. 284 2.
quam 178 11). quod 83 15. 84 2.
85 4. 214 5. ’222 10 233 17. 235 12.
274 4. 284 16. 287 5. 311 2. quo
77 5.1117 6. 178 9. 179 2; 3. qua
93 3. 1116 6. 178 12. 205 11), quo
62 9, 82 16. 98 15. 99 12. 112 26.
1.·31 5118 12. 178 12. 195 9. 210
8. 291 2 309 9. qua¹ 289 16, 18
quos 51 5. qui 61 4 83 7. 99 11;
14. 135 5.l17 14. 148 5, 9. 160
111. 1133 8. 179 ⁴³3 73 10. 1913 2
206 2 (bi-5). 219 5. 2:51 2. 274 2.
287 14, 292 9; 12. quac 6616. 103
7. 104 2. 1.·38 2. 148 10. 158 10
179 4. 218 10. 2192. 2923 6. quihus
191¹» 1. quis 309 13. quos 51η). 215

INDICES

9. 293 3. 291 19. quae 283 16.
quibus 179 2. 283 7. 292 12.

2. quia 85 2. 121 14. 127 2.

quicunque 100 10. quodcunque 126
8. quescunque 70 5.

quidam 208 4. quaedam 212 5. 294
1. cuidam 209 1. 213 13.

*(1111116111 77 6. 83 3. 181 4.
quiebem 284 7. quiehes 303 2.
quiescerent 208 8.

quin 61 13. 72 8. 225 9. 230 9.

T. Quinctius 60113. 140 4.
138491351611718 quot Aequos occiderit
(Zatssfcft'ms Cincinnatus· non dictator
(lictus α senatu 128 14.

J.. Quinctii Flaminini flagyitimn
·⁷) (

Ἰῗῖᾗιιίἐοιοίίίιε Flcmn'ninus Philippo
1116ῠο (fflmntas pecunias Romam
(Zetulcrit 145 1. Zegyatus (αἱ Ητιηπὶ-
halem interficiewdum missus 271 7.

“ Τ. Quinctius Pennus 60113. 306 17.

(ι Lzssczssm‘o Caluo clictcctor dictus
307 5.

quindecim 163 7.

quingenta 84 11.
quinque 212 13
Quinssus 224 7.
01111711(ιῖῑέ flamen Accae Lareutme
publice sucri'siceum facit 2.·37 8.

(3115111113 collis 19 13.

qms 6) 9. 694. 74 7; 11. 83 13.
8410311312. 85 1; 6. 92 8103
4.105 6. 132 9.179 3. ’08 9. 211
13. quid 73 9. 82 12; 15. 90 2. —
83 14. 85 6. 92 6. —— 81 9. 221 2.
288 16.

quid (eutero-09.) 225 5.

quisquam 86 2. 205 5. quicquam
221 l. quemquzun 207 3. quiequam
86 2. 179 1.

quisqu(x 83 13. 92 7. 121 16. 161 4.
219 10. 222 12. quemque 217 2.
quidquid 83 9.

quod (com.) 59 5. 131-13. 77 1; 4.
ῗΞ.,“.ἰῑ {5752262271‘081'ff 2Ξῦ Ξῗ ,ἑ
232 5. ⁴280 13. 281 9. 288 11; 20.
quondam 290 23.

quouruu 292 17.

‘1¹¹0‘1UZ0 2141.).((Ιν11ἳ11671ςᾷιι(1)(4116 Ino
(1117)(111ίιοῖζέιιὲ1ἵζη10768.) 3

quohiens 78 8 (bis).

⁴281 12

 

