INDEX LOCORVM :375

Mai. thes. nou. VIII p, 389: 53 adn. 7.

Mythoyruplms l'alz'c. I fal). 202 (Mai. anet. cluss. Ill 7). 70J: 51 11.
Μῐιν. Victor. u. φ’. Ι p. 2468 Putseln: 5 l. 41 l. 165 10.

AIczrt. Capell. VI 621: 163 adn. 56.

Animae. Fene. Octau. 21, 4: 95 1,

Nonii ecl. :llere-er. p. 10: 292 13. 29: 163 15. 236 11. 402 292 1. 522 308

p.

20. 57: 279 6. 282 12. 582 280 4. 285 6. 287 19. 288 5. 622 106 1.
632 301 22. 64: 60, 5. 672 60 7. 102 15. 682 290 11. 292 22, 702
280 6. 732 288 8. 762 223 1. 802 148 3. 282 20. 822 281 15. 872 73
adn. 79, 217 adn. 24. 294 min. 126. 89: 160 6. 90: 104 13. ’236 13.
912 290 8. 291 18. 293 5. 293 14. 922 288 19. 932 294 3. 972 222 8.
982 156 10. 288 10. 992 286 9.

1002 77 14. 101: 104 1. 282 18. 296 9. 107: 287 13. 292 5. 293 9.
108: 161 1. 113: 217 adn. 23. 286 15. 289 15. 115: 292 19. 119: 225
15. 122: 232 1. 1252 279 11. 1262 284 8. 1272 277 13. 289 21. 1292
216 adn. 22. 130: 283 17. 284 mln. 47. 293 7. 1322 105 1. 1332 293
17. 1352 282 15. 1372 159 15. 1412 280 12, 281 11. 282 7. 1422 288
3. 1452 292 16. 1492 100 10. 1512 85 11. 88 13. 1522 70 7. 1542 218
15. 1572 160 4. 1592 288 13. 1612 281 14. 1612 293 1. 1622 282 10.
289 13. 1682 294 mlrz. 127. 1762 154 1. 1832 106 3. 1872 74 culn.
83. 294 adn. 127. 188: 284 10. 1942 175 3. 1952 287 1. 1962 287

“23. 309 7.

p.

ρ.

p .

p.

2052 106 5. 158 13. 286 13. 2072 285 19. 286 1. 2082 61 3. 2122
236 16. 2212 109 4. 2222 218 11. 289 1. 2232 113 8. 2272 207 adn.
10¹¹. 2292 91 5, 2302 284 13. 2362 280 4. 255. 287 8. 2562 292 8.
2572 287 6. 2582 284 1. 290 1. 2602 309 9. ’2632 281 20. 287 4. 2642
289 18. 2672 100 8. 225 11. 2732 286 11. 2742 288 15. 2772 291 9.
2802 148 11. 2892 290 18. 2942 289 17. 2962 28911.

3252 98 5. 3392 292 3. 3462 103 6. 348: 279 15. 354: 290 20, 3592
218 22. 3612 284 5. 287 16. 3632 86 13. 287 21. 3642 290 3. 3672
281 6. 3762 278 5. 285 3. 311 1. 3922 295 6.

4002 290 16. 4052 213 1. 418: 223 3. 4232 291 adu. 104. 4292 288
17. 448: 281 8. 449: 291 8. 291 11. 293 12. 4652 231 adn. 77. 4682
295 10. 471: 236 18. 286 7. 472: 223 13. 4752 224 1. 4782 230 13.
4802 210 10. 279 8. 4812 179 11. 314 14. 483: 106 8. 4842 280 9.
296 13. 4862 295 adn. 128. 491: 281 17. 4922 285 3. 4952 292 11.
5022 282 5. 283 15. 296 11. 5082 148 7. 160 9. 218 13. 222 11.
5102 235 9. 5112 225 13. 5142 106 mln. 35. 219 4. 287 10. 5152 98
8. 5162 222 14, 282 1. 291 3: 517: 219 7. 5182 109 8, 112 29. 5222
290 22. 5272 285 1. 5342 283 5. 291 14. ’291 16. 5352 283 5. 283 7.
5362 283 adn. 39. 291 6. 5382 279 13. 5442 113 1. 5522 28310. 5532
280 15. 283 13. 5552 281 4. 290 6. 5562 281 1. 282 3. 288 1. 289 4.
289 6. 289 8.

Oros. IIII 13: 36 3. V 3: 229 12. 273 9. Γ 42 229 20. V 16: 275 7.
V 202 234 -6.

Pltilarqgsr. ml Verqz'l. θεον-ῃ. II 345: 161 7. μεως. IIII 5642 193 3.

min. nat. hist. II 140: 122 5. II 169: 163 10, [Ι 241: 248 mln. 23, Ill
51: 64 11. lll 70: 241 23. III 982 70 14. lII108: 167 8., 1111142
64 16. [II 116: 63 10. III 1242 62 11. III 1302 63 3. ΙΙΙ 1312 134
20. III 132: 150 4. III 133: 63 1. Ill 134: 62 1, ΙἸΙ 192: 40 adn.

1.

165 6. VII 194: 166 5. Vll 1972 166 7. VII198: 166 11. ΙἸΙΙ 42

316 11. ΙἸΙΙ 112 79 4. VIII 16: 133 7. X 71: 37 7. XIII 8-1: 106 10.
XIII 84: 122 10. 142 16. XIII 872241 13. 244 8. XIIII 52: 63 adn.
43. XIIII 89: 39 9. XV 126: 133 16. Xl'I 192: 133 3, XVII 2442
135 9. XVIII 72 99 5. XI'III 41: 134 5. XXII 122 199 1-1. XXVIII
14: 123 10, XXVIIII 12: 104 5. XXXI 212 162 13. XXXII 202 99 9.
XXXIII 142 27610. XXXIII 382 127 8. XXXlllI 142 134 17.
XXXIII! 292 127 4. 320 17, XXXIII! 302 135 7,

